I
1000 Generated by WorldEditor

1      6 1 0 VRMG GAN ISLAND
100 45.11 1 0 0.25 0 2 0 10 -00.69153300  073.14383600   91    0 2 0 0 0 28 -00.69514700  073.16745600   91    0 2 0 0 0
110 1 0.00 0.0000 New Taxiway 3
111 -00.69533789  073.16736745
112 -00.69561218  073.16730993 -00.69566055  073.16727231
112 -00.69569279  073.16707883 -00.69565517  073.16699284
112 -00.69540260  073.16685311 -00.69534349  073.16682087
112 -00.69522822  073.16657319 -00.69520035  073.16645331
113 -00.69518351  073.16635819
110 2 0.00 0.0000 New Taxiway 4
111 -00.69516615  073.16622432
112 -00.69527900  073.16660590 -00.69532199  073.16671338
112 -00.69569817  073.16697672 -00.69577340  073.16705196
112 -00.69572503  073.16724006 -00.69572503  073.16727231
112 -00.69562830  073.16737979 -00.69561756  073.16740666
113 -00.69533811  073.16742279
110 1 0.00 0.0000 New Taxiway 1
111 -00.69152851  073.14501411
112 -00.69144196  073.14484887 -00.69140262  073.14478592
112 -00.69115085  073.14458921 -00.69108003  073.14452626
112 -00.69097775  073.14443971 -00.69092268  073.14440824
112 -00.69093054  073.14416431 -00.69093841  073.14410136
112 -00.69103283  073.14405415 -00.69105643  073.14403055
113 -00.69134754  073.14397547
110 2 0.00 0.0000 New Taxiway 2
111 -00.69154424  073.14514787
112 -00.69144983  073.14495903 -00.69141049  073.14485674
112 -00.69108790  073.14464429 -00.69101709  073.14460495
112 -00.69085973  073.14434529 -00.69080466  073.14422726
112 -00.69083613  073.14404628 -00.69084400  073.14401481
112 -00.69093054  073.14392826 -00.69096202  073.14392039
113 -00.69132394  073.14387318
110 2 0.00 0.0000 apron
111 -00.69369122  073.15929071
112 -00.69356140  073.15910895 -00.69348350  073.15909164
112 -00.69294691  073.15907433 -00.69276516  073.15908299
111 -00.69165736  073.15918685
111 -00.69114407  073.15563218
111 -00.69236622  073.15547924
111 -00.69247085  073.15634958
112 -00.69257286  073.15637618 -00.69259432  073.15638333
111 -00.69308785  073.15636187
112 -00.69315223  073.15632610 -00.69317368  073.15629749
111 -00.69321248  073.15618023
111 -00.69330958  073.15676960
112 -00.69318799  073.15661938 -00.69313792  073.15658362
111 -00.69308785  073.15658362
111 -00.69258001  073.15661938
112 -00.69250133  073.15674099 -00.69247272  073.15684113
111 -00.69251464  073.15690525
111 -00.69281415  073.15873697
112 -00.69287174  073.15879457 -00.69288326  073.15880609
111 -00.69295238  073.15880609
111 -00.69335556  073.15874849
112 -00.69348227  073.15867937 -00.69350797  073.15863064
113 -00.69358126  073.15848443
120 Linear Feature 7
111 -00.69374191  073.15826555 1
112 -00.69369306  073.15888736 -00.69362200  073.15893178 1
112 -00.69345767  073.15891846 -00.69343102  073.15892734 1
111 -00.69278705  073.15892734 1
111 -00.69355538  073.15891846 1
112 -00.69372415  073.15899396 -00.69378632  073.15905614 1
115 -00.69391512  073.15934929
120 Linear Feature 6
111 -00.69340552  073.15606526 1
112 -00.69338732  073.15640503 -00.69336002  073.15645660 1
112 -00.69326901  073.15645357 -00.69324171  073.15646267 1
111 -00.69248336  073.15650514 1
111 -00.69325081  073.15645660 1
112 -00.69337215  073.15652638 -00.69342675  073.15659312 1
115 -00.69351472  073.15681457
21 -00.69155922  073.14647990 1 98.7000 3.0 10  VASI
21 -00.69512078  073.16481209 1 278.7000 3.0 28  VASI
14 -00.69110714  073.15732750  82.02 0 New Tower Viewpoint 1
18 -00.69193537  073.15586003 1 BCN
19 -00.69086965  073.14352679 1 WS
19 -00.69581034  073.16776521 1 WS
54 11910 GAN TWR
99
