I
1000 Generated by WorldEditor

1      4 1 0 VRMH HANIMAADHOO
100 29.87 1 0 0.25 0 2 0 03  06.74077700  073.16670400    0    5 2 0 0 0 21  06.75070700  073.17168300    0    8 2 0 0 0
110 2 0.00 0.0000 New Taxiway 8
111  06.75021309  073.17159040
111  06.75026790  073.17176213
111  06.75064247  073.17195838
113  06.75070642  073.17183266
110 1 0.00 0.0000 New Taxiway 7
111  06.74125324  073.16680004
111  06.74120055  073.16657556
111  06.74088034  073.16638781
113  06.74079117  073.16656739
110 1 0.00 0.0000 apron
112  06.74636393  073.16935877  06.74629085  073.16931277
112  06.74627902  073.16924765  06.74626684  073.16922619
111  06.74630541  073.16912684
111  06.74638885  073.16898763
112  06.74646193  073.16894776  06.74650740  073.16894551
111  06.74654334  073.16897475
112  06.74671347  073.16907777  06.74674489  073.16909745
112  06.74677437  073.16914830  06.74679569  073.16918510
111  06.74677133  073.16922190
111  06.74666779  073.16936909
112  06.74660080  073.16941509  06.74652162  073.16943042
111  06.74641808  073.16939362
112  06.74698049  073.16966639  06.74682518  073.16958359
112  06.74685964  073.16949175  06.74684746  073.16946415
111  06.74687182  073.16942122
111  06.74695062  073.16930130
111  06.74716544  073.16886050
112  06.74656781  073.16853679  06.74651917  073.16850822
111  06.74646018  073.16847276
111  06.74575492  073.16800747
111  06.74573871  073.16812584
111  06.74625325  073.16845685
112  06.74635375  073.16854118  06.74637385  073.16856816
111  06.74637808  073.16861380
111  06.74617218  073.16904517
112  06.74609670  073.16914001  06.74605315  073.16916025
114  06.74585551  073.16910628  06.74584881  073.16910628
130 Airport Boundary 9
112  06.75036239  073.17219088  06.75042999  073.17221357
112  06.75097085  073.17234973  06.75119620  073.17234973
112  06.75112859  073.17191857  06.75115113  073.17166896
112  06.75094831  073.17130588  06.75081310  073.17112434
112  06.74842432  073.17005780  06.74795108  073.16980818
112  06.74754544  073.16951318  06.74750037  073.16949049
112  06.74771181  073.16875810  06.74766673  073.16857656
112  06.74719923  073.16824018  06.74708655  073.16812671
112  06.74630598  073.16776586  06.74612570  073.16767509
112  06.74560738  073.16762971  06.74542709  073.16765240
112  06.74556231  073.16821971  06.74565245  073.16842394
112  06.74594541  073.16856010  06.74601302  073.16867356
112  06.74576513  073.16871894  06.74560738  073.16878702
112  06.74130308  073.16633624  06.74107773  073.16626817
112  06.74080730  073.16613201  06.74058194  073.16626817
112  06.74035659  073.16683548  06.74028898  073.16710778
113  06.74053687  073.16719855
120 apronline
111  06.74631030  073.16892713 1
112  06.74638580  073.16882322  06.74639587  073.16881309 1
112  06.74645124  073.16878521  06.74646885  073.16878268 1
112  06.74652422  073.16880802  06.74653429  073.16881562 1
111  06.74686146  073.16897782 1
112  06.74689921  073.16902090  06.74690676  073.16903610 1
112  06.74691180  073.16910453  06.74691180  073.16910706 1
115  06.74686650  073.16921857
120 hold2
111  06.74676860  073.16924060 4
115  06.74691901  073.16932940
120 hold1
111  06.74621544  073.16895804 4
115  06.74635296  073.16904112
120 Linear Feature 3
111  06.74636964  073.16952573 1
112  06.74656620  073.16957869  06.74659388  073.16957591 1
112  06.74667970  073.16952851  06.74668247  073.16950900 1
111  06.74686795  073.16921629 1
111  06.74668247  073.16952015 1
112  06.74671015  073.16963723  06.74675445  073.16967347 1
115  06.74689841  073.16978498
120 Linear Feature 2
111  06.74562778  073.16914331 1
112  06.74602305  073.16929848  06.74606325  073.16929848 1
112  06.74612790  073.16926369  06.74614800  073.16924345 1
112  06.74623074  073.16909609  06.74624414  073.16905898 1
111  06.74631448  073.16892743 1
111  06.74622864  073.16909905 1
112  06.74618573  073.16938250  06.74625333  073.16946101 1
115  06.74637565  073.16952215
14  06.74744243  073.16883234  82.02 0 New Tower Viewpoint 1
19  06.74076700  073.16692435 1 WS
19  06.75081318  073.17201989 1 WS
54 11910 TWR
99
