I
1000 Generated by WorldEditor

1      4 1 0 VRMK KADHDHOO
100 29.87 1 0 0.25 0 2 0 03  01.85531200  073.51889000    0    0 1 0 0 0 21  01.86508000  073.52345800    0    0 1 0 0 0
110 1 0.00 0.0000 apron2
111  01.85919727  073.52015193
111  01.85955028  073.52032062
111  01.85970835  073.51998851
113  01.85937641  073.51980928
110 1 0.00 0.0000 apron
111  01.85792464  073.51997529
112  01.85776734  073.51982192  01.85775530  073.51975640
112  01.85793110  073.51957723  01.85798984  073.51955161
111  01.85805270  073.51958374
111  01.85898994  073.52006880
111  01.85891924  073.52024607
112  01.85879582  073.52031311  01.85876708  073.52031311
111  01.85862336  073.52030355
111  01.85921986  073.52057679
112  01.85915280  073.52046177  01.85914801  073.52044260
112  01.85913364  073.52034197  01.85914322  073.52030363
111  01.85914801  073.52027966
111  01.85936834  073.51981960
111  01.85795773  073.51904324
112  01.85774291  073.51936672  01.85773964  073.51938309
112  01.85763525  073.51953027  01.85763255  073.51953838
112  01.85751358  073.51969799  01.85750817  073.51970610
112  01.85743517  073.51970340  01.85739191  073.51969799
113  01.85723427  073.51964470
130 Airport Boundary 6
112  01.85823392  073.52093740  01.85829995  073.52102548
112  01.85878415  073.52162004  01.85887219  073.52181823
112  01.85979658  073.52197237  01.86012671  073.52208248
112  01.86076498  073.52210450  01.86102909  073.52214854
112  01.86367019  073.52322756  01.86397832  073.52335968
112  01.86441851  073.52386616  01.86459458  073.52395424
112  01.86492472  073.52397626  01.86505677  073.52399828
112  01.86529887  073.52377807  01.86532088  073.52375605
112  01.86534289  073.52313947  01.86521084  073.52294129
112  01.86433047  073.52239077  01.86417641  073.52214854
112  01.86351613  073.52192833  01.86336206  073.52190631
112  01.86094105  073.52098144  01.86069895  073.52080528
112  01.86002783  073.51995867  01.85987751  073.51965786
112  01.85941150  073.51926681  01.85924614  073.51916152
112  01.85819386  073.51874039  01.85796837  073.51878551
112  01.85771281  073.51896600  01.85763765  073.51908632
112  01.85742720  073.51940217  01.85730693  073.51950745
112  01.85687099  073.51935705  01.85685596  073.51935705
112  01.85655531  073.51908632  01.85654027  073.51896600
112  01.85625465  073.51869527  01.85613439  073.51862007
112  01.85575858  073.51858999  01.85559322  073.51855991
112  01.85523244  073.51865015  01.85514224  073.51865015
112  01.85482656  073.51905624  01.85473636  073.51914648
113  01.85488669  073.51932697
120 Linear Feature 4
111  01.85893201  073.52044159 1
112  01.85885537  073.52048472  01.85882184  073.52048951 1
115  01.85864941  073.52045597
120 Linear Feature 3
111  01.85774413  073.51957417 1
111  01.85761001  073.51983296 1
112  01.85761959  073.51993360  01.85764354  073.51998632 1
115  01.85775371  073.52002945
120 Linear Feature 2
111  01.85728421  073.51981235 1
112  01.85744651  073.51987176  01.85749005  073.51986384 1
112  01.85759650  073.51983714  01.85763794  073.51980047 1
111  01.85775527  073.51957075 1
112  01.85788195  073.51936876  01.85790174  073.51936084 1
112  01.85794529  073.51932519  01.85800466  073.51931727 1
112  01.85809571  073.51934895  01.85811946  073.51936084 1
111  01.85898607  073.51980940 1
112  01.85909671  073.51990956  01.85909671  073.51992011 1
112  01.85909671  073.52005190  01.85908091  073.52009934 1
111  01.85893865  073.52044199 1
112  01.85892284  073.52051052  01.85893366  073.52056907 1
115  01.85908999  073.52066153
21  01.85628702  073.51899940 2 30.8639 3.0 03  PAPI-4L
21  01.86334785  073.52223760 2 205.2800 3.0 21  PAPI-4L
14  01.85871006  073.51924674  82.02 0 New Tower Viewpoint 2
18  01.85962428  073.52159316 1 BCN
19  01.85509311  073.51905915 1 WS
19  01.86491484  073.52369147 1 WS
54 11960 TWR
99
