I
1000 Generated by WorldEditor

1      3 1 0 VRMO KOODDOO
100 50.00 1 0 0.00 1 2 1 18  00.72803800  073.43440700    0    8 2 9 0 0 36  00.73876000  073.43397300    0    8 2 9 0 0
110 1 0.00 0.0000 New Taxiway 10
112  00.73493979  073.43390627  00.73493979  073.43389876
111  00.73494730  073.43369228
112  00.73495856  073.43365473  00.73496607  073.43364347
112  00.73498484  073.43359467  00.73498484  073.43356088
112  00.73492102  073.43351208  00.73492102  073.43349706
111  00.73490976  073.43324553
111  00.73502613  073.43321925
111  00.73501862  073.43301277
111  00.73481591  073.43301277
111  00.73481967  073.43321549
111  00.73484970  073.43323802
111  00.73486096  073.43351583
112  00.73481967  073.43361719  00.73483468  073.43366975
111  00.73486847  073.43366600
113  00.73486847  073.43390627
110 2 0.00 0.0000 New Taxiway 8
111  00.73377166  073.43325256
112  00.73394204  073.43315912  00.73399150  073.43309866
112  00.73395852  073.43291178  00.73393654  073.43282383
112  00.73379914  073.43277436  00.73372219  073.43276337
112  00.73271092  073.43278536  00.73259001  073.43279085
112  00.73239764  073.43287330  00.73232070  073.43291178
112  00.73237016  073.43314263  00.73237016  073.43326355
113  00.73258451  073.43328004
110 1 0.00 0.0000 apron
112  00.73322363  073.43397684  00.73312538  073.43398078
111  00.73312715  073.43391046
111  00.73312715  073.43371899
112  00.73314592  073.43368145  00.73315719  073.43365517
111  00.73321349  073.43366644
111  00.73360765  073.43365893
112  00.73364519  073.43367770  00.73366119  073.43369896
111  00.73366771  073.43371149
111  00.73367898  073.43390295
112  00.73367147  073.43394425  00.73364894  073.43396302
111  00.73358137  073.43397803
111  00.73404502  073.43394305
112  00.73387793  073.43391955  00.73383773  073.43390927
111  00.73383664  073.43387292
111  00.73379535  073.43323846
111  00.73312715  073.43326474
111  00.73274050  073.43325347
112  00.73261663  073.43325723  00.73257533  073.43326474
111  00.73256783  073.43327225
112  00.73260537  073.43368896  00.73260537  073.43372275
111  00.73263540  073.43371524
112  00.73294321  073.43371524  00.73296198  073.43371524
111  00.73296574  073.43374152
112  00.73296949  073.43391797  00.73297325  073.43396302
111  00.73296198  073.43395551
113  00.73290080  073.43399185
110 1 0.00 0.0000 turn18
111  00.73823086  073.43421520
111  00.73831758  073.43433909
111  00.73884200  073.43433083
113  00.73883787  073.43419455
110 1 0.00 0.0000 turn36
111  00.72859880  073.43415766
111  00.72847117  073.43399623
111  00.72796064  073.43400373
113  00.72796815  073.43418769
130 Airport Boundary 9
112  00.72805738  073.43475887  00.72816230  073.43477386
112  00.73889160  073.43437997  00.73893054  073.43430207
112  00.73885265  073.43363993  00.73880397  073.43350361
112  00.73636982  073.43338676  00.73619456  073.43338676
112  00.73523847  073.43342725  00.73502603  073.43340070
112  00.73508799  073.43304661  00.73507029  073.43293153
112  00.73492867  073.43296694  00.73483130  073.43294038
112  00.73478705  073.43304661  00.73476049  073.43311743
112  00.73471623  073.43342725  00.73469853  073.43350692
112  00.73435332  073.43367511  00.73421170  073.43372823
112  00.73405237  073.43360430  00.73399041  073.43348922
112  00.73397262  073.43319676  00.73397262  073.43317477
112  00.73397262  073.43288895  00.73396713  073.43285048
112  00.73388469  073.43275154  00.73383522  073.43268558
112  00.73291108  073.43264137  00.73273859  073.43265862
112  00.73218645  073.43275793  00.73204040  073.43279688
112  00.73139779  073.43317664  00.73112516  073.43336165
112  00.73057017  073.43324480  00.73044360  073.43324480
111  00.72815550  073.43327401
112  00.72803866  073.43331296  00.72796077  073.43337139
112  00.72784393  073.43407248  00.72784393  073.43414064
114  00.72789261  073.43454961  00.72790235  073.43461777
120 Linear Feature 7
111  00.73296699  073.43383948 4
115  00.73311929  073.43383384
120 Linear Feature 6
111  00.73382438  073.43378589 4
115  00.73367490  073.43380282
120 Linear Feature 5
111  00.73305442  073.43386205 1
112  00.73312493  073.43407641  00.73316159  073.43410462 1
112  00.73328005  073.43416103  00.73331953  073.43416667 1
111  00.73342671  073.43418923 1
112  00.73361285  073.43416667  00.73363823  073.43414975 1
112  00.73370310  073.43410462  00.73375669  073.43402846 1
115  00.73374259  073.43378025
120 Linear Feature 4
111  00.73277803  073.43421744 1
112  00.73298673  073.43418923  00.73300647  073.43417513 1
112  00.73304878  073.43408769  00.73305442  073.43406513 1
112  00.73305160  073.43385923  00.73304596  073.43384230 1
112  00.73303186  073.43356871  00.73303468  073.43353768 1
112  00.73308826  073.43346717  00.73311647  073.43345870 1
111  00.73360721  073.43345306 1
112  00.73367772  073.43347563  00.73370310  073.43349819 1
112  00.73371720  073.43358563  00.73372002  073.43361666 1
112  00.73374259  073.43377179  00.73374259  073.43380282 1
112  00.73375556  073.43395005  00.73375161  073.43399095 1
112  00.73381507  073.43411675  00.73386301  073.43414495 1
112  00.73406693  073.43414975  00.73410923  073.43415257 1
115  00.73423333  073.43416103
14  00.73332137  073.43307257  82.02 0 New Tower Viewpoint 1
1300  00.73336284  073.43345693   0.00 misc jets|turboprops|props|helos Ramp2
1300  00.73276317  073.43348660   2.49 misc jets|turboprops|props|helos Ramp1
99
