I
1000 Generated by WorldEditor

1      1 1 0 VRMT KAADEDHDHOO
100 29.87 1 0 0.25 0 2 0 16  00.49323743  072.99329012    0    0 1 0 0 0 34  00.48308743  072.99769312    0    0 1 0 0 0
110 1 0.00 0.0000 turn34
111  00.48335100  072.99743919
111  00.48321461  072.99740022
111  00.48293860  072.99750738
111  00.48310745  072.99784185
113  00.48313668  072.99782886
110 1 0.00 0.0000 turn16
111  00.49292490  072.99357397
112  00.49302151  072.99362496  00.49302419  072.99362496
111  00.49333013  072.99350688
113  00.49329256  072.99341563
110 1 0.00 0.0000 apron
111  00.48772271  072.99582720
112  00.48788861  072.99581012  00.48793740  072.99582720
111  00.48793496  072.99587111
111  00.48820334  072.99650059
111  00.48889622  072.99616145
111  00.48870836  072.99569301
111  00.48866201  072.99553686
112  00.48868641  072.99546366  00.48870836  072.99543194
111  00.48876204  072.99536851
111  00.48837168  072.99554174
112  00.48847903  072.99553686  00.48851806  072.99554906
112  00.48853026  072.99561249  00.48853514  072.99561981
111  00.48856930  072.99575888
112  00.48859370  072.99582720  00.48859370  072.99584184
111  00.48855954  072.99592967
111  00.48835948  072.99601750
112  00.48827409  072.99602482  00.48824481  072.99601994
111  00.48819358  072.99599555
111  00.48811063  072.99580280
112  00.48815210  072.99569057  00.48818138  072.99566373
113  00.48826921  072.99558321
130 Airport Boundary 7
112  00.48565202  072.99579920  00.48557272  072.99582563
112  00.48538769  072.99564059  00.48528195  072.99548198
112  00.48517621  072.99532337  00.48509691  072.99532337
111  00.48499118  072.99548198
112  00.48514978  072.99587850  00.48514978  072.99598424
112  00.48242709  072.99727955  00.48232135  072.99733242
112  00.48242709  072.99767607  00.48253282  072.99783468
111  00.48311437  072.99801973
112  00.48667119  072.99759746  00.48772378  072.99749815
112  00.48812098  072.99745843  00.48835931  072.99745843
111  00.48921058  072.99701264
112  00.48956932  072.99675479  00.48963658  072.99667631
112  00.48971506  072.99599244  00.48977111  072.99579065
111  00.48986079  072.99566733
111  00.49371723  072.99392963
113  00.49296612  072.99266279
120 hold2
111  00.48813014  072.99589551 4
115  00.48797644  072.99596871
120 hold1
111  00.48869372  072.99566617 4
115  00.48857906  072.99571496
120 Linear Feature 4
111  00.48805451  072.99554418 1
112  00.48795936  072.99564665  00.48793496  072.99571252 1
115  00.48795204  072.99575644
120 Linear Feature 3
112  00.48830337  072.99542950  00.48831312  072.99542950 1
112  00.48847903  072.99542706  00.48856442  072.99545878 1
115  00.48859613  072.99557589
120 Linear Feature 2
111  00.48760072  072.99574668 1
112  00.48785689  072.99570521  00.48791545  072.99571252 1
112  00.48795204  072.99574912  00.48796424  072.99576620 1
111  00.48804231  072.99593699 1
111  00.48816430  072.99617121 1
112  00.48822041  072.99624197  00.48824481  072.99623709 1
111  00.48832288  072.99620537 1
111  00.48865469  072.99607850 1
112  00.48871324  072.99602238  00.48871812  072.99599311 1
111  00.48869616  072.99587355 1
111  00.48859857  072.99557833 1
112  00.48856442  072.99542706  00.48857174  072.99537339 1
115  00.48866933  072.99526848
21  00.49171850  072.99431135 2 156.5500 3.0 16  PAPI-4L
21  00.48460636  072.99667189 2 336.5500 3.0 34  PAPI-4L
14  00.48948540  072.99607540  82.02 0 New Tower Viewpoint 1
19  00.49364450  072.99355307 1 WS
19  00.48268036  072.99743017 1 WS
54 11940 TWR
99
